0 0.4726056644880175 0.4727119741100323 0.007468409586056688 0.02046601941747573 0.0 0.0 0 0.0 0.0 0 0.0 0.0 0 0.0 0.0 0 0.0 0.0 0
0 0.04779520697167756 0.5793300970873787 0.00730283224400871 0.020964401294498374 0.0 0.0 0 0.0 0.0 0 0.0 0.0 0 0.0 0.0 0 0.0 0.0 0
0 0.04125054466230936 0.8123786407766991 0.00749455337690632 0.020550161812297733 0.0 0.0 0 0.0 0.0 0 0.0 0.0 0 0.0 0.0 0 0.0 0.0 0
0 0.08732461873638345 0.31736569579288026 0.008165577342047934 0.00946278317152104 0.0 0.0 0 0.0 0.0 0 0.0 0.0 0 0.0 0.0 0 0.0 0.0 0
0 0.5248213507625272 0.7442977346278318 0.007490196078431396 0.021229773462783142 0.0 0.0 0 0.0 0.0 0 0.0 0.0 0 0.0 0.0 0 0.0 0.0 0
0 0.42680174291939 0.7346472491909385 0.003119825708061038 0.012957928802588985 0.0 0.0 0 0.0 0.0 0 0.0 0.0 0 0.0 0.0 0 0.0 0.0 0
0 0.6949041394335512 0.7300776699029127 0.02079738562091504 0.12818122977346275 0.0 0.0 0 0.0 0.0 0 0.0 0.0 0 0.0 0.0 0 0.0 0.0 0
0 0.7864553376906318 0.7492491909385114 0.02079738562091504 0.16723624595469247 0.0 0.0 0 0.0 0.0 0 0.0 0.0 0 0.0 0.0 0 0.0 0.0 0
0 0.910575163398693 0.7348122977346279 0.007398692810457524 0.020834951456310716 0.0 0.0 0 0.0 0.0 0 0.0 0.0 0 0.0 0.0 0 0.0 0.0 0
0 0.9173616557734205 0.5305080906148867 0.04035294117647065 0.05942394822006469 0.0 0.0 0 0.0 0.0 0 0.0 0.0 0 0.0 0.0 0 0.0 0.0 0
0 0.6689063180827887 0.5364692556634304 0.02091503267973856 0.05029773462783174 0.0 0.0 0 0.0 0.0 0 0.0 0.0 0 0.0 0.0 0 0.0 0.0 0
0 0.603272331154684 0.5113203883495145 0.007172113289760364 0.020116504854368885 0.0 0.0 0 0.0 0.0 0 0.0 0.0 0 0.0 0.0 0 0.0 0.0 0
0 0.6165185185185185 0.5113203883495145 0.007372549019607775 0.020711974110032363 0.0 0.0 0 0.0 0.0 0 0.0 0.0 0 0.0 0.0 0 0.0 0.0 0
0 0.6882113289760349 0.3366278317152103 0.007411764705882349 0.021307443365695768 0.0 0.0 0 0.0 0.0 0 0.0 0.0 0 0.0 0.0 0 0.0 0.0 0
0 0.8192004357298475 0.36112621359223307 0.0662091503267974 0.06888025889967635 0.0 0.0 0 0.0 0.0 0 0.0 0.0 0 0.0 0.0 0 0.0 0.0 0
0 0.9038649237472767 0.20074433656957927 0.00698910675381262 0.02046601941747573 0.0 0.0 0 0.0 0.0 0 0.0 0.0 0 0.0 0.0 0 0.0 0.0 0
0 0.9169803921568627 0.20037540453074432 0.00698910675381262 0.02046601941747573 0.0 0.0 0 0.0 0.0 0 0.0 0.0 0 0.0 0.0 0 0.0 0.0 0
0 0.8092483660130718 0.18138511326860843 0.04679302832244013 0.09813592233009709 0.0 0.0 0 0.0 0.0 0 0.0 0.0 0 0.0 0.0 0 0.0 0.0 0
0 0.7275054466230937 0.19088025889967639 0.00747276688453163 0.020957928802588992 0.0 0.0 0 0.0 0.0 0 0.0 0.0 0 0.0 0.0 0 0.0 0.0 0
0 0.6751263616557734 0.17201618122977344 0.05376470588235289 0.07890614886731394 0.0 0.0 0 0.0 0.0 0 0.0 0.0 0 0.0 0.0 0 0.0 0.0 0
0 0.6161895424836602 0.18163106796116504 0.014610021786492363 0.011339805825242707 0.0 0.0 0 0.0 0.0 0 0.0 0.0 0 0.0 0.0 0 0.0 0.0 0
0 0.3616100217864924 0.19066666666666665 0.007568627450980394 0.01981877022653722 0.0 0.0 0 0.0 0.0 0 0.0 0.0 0 0.0 0.0 0 0.0 0.0 0
0 0.3614117647058824 0.14229126213592233 0.007172113289760315 0.020711974110032363 0.0 0.0 0 0.0 0.0 0 0.0 0.0 0 0.0 0.0 0 0.0 0.0 0
0 0.1390152505446623 0.14199029126213591 0.04043572984749456 0.04023948220064726 0.0 0.0 0 0.0 0.0 0 0.0 0.0 0 0.0 0.0 0 0.0 0.0 0
0 0.23094117647058823 0.16684789644012943 0.021115468409586072 0.03077022653721684 0.0 0.0 0 0.0 0.0 0 0.0 0.0 0 0.0 0.0 0 0.0 0.0 0
0 0.03463616557734205 0.16166990291262137 0.007372549019607844 0.021009708737864063 0.0 0.0 0 0.0 0.0 0 0.0 0.0 0 0.0 0.0 0 0.0 0.0 0
0 0.24359694989106756 0.5502135922330097 0.19687581699346407 0.37108090614886735 0.0 0.0 0 0.0 0.0 0 0.0 0.0 0 0.0 0.0 0 0.0 0.0 0
0 0.5121437908496732 0.569210355987055 0.03330718954248359 0.059197411003236194 0.0 0.0 0 0.0 0.0 0 0.0 0.0 0 0.0 0.0 0 0.0 0.0 0
0 0.12590631808278865 0.8704692556634305 0.06633115468409585 0.17605825242718462 0.0 0.0 0 0.0 0.0 0 0.0 0.0 0 0.0 0.0 0 0.0 0.0 0
0 0.44671895424836605 0.4145954692556634 0.0071372549019608315 0.020323624595469242 0.0 0.0 0 0.0 0.0 0 0.0 0.0 0 0.0 0.0 0 0.0 0.0 0
