0 0.08972624168947986 0.2997012673506337 0.048111067657411036 0.2742607121303561 0.0 0.0 0 0.0 0.0 0 0.0 0.0 0
0 0.2090046929996089 0.21349728424864212 0.021865467344544375 0.046632468316234146 0.0 0.0 0 0.0 0.0 0 0.0 0.0 0
0 0.203901055924912 0.7941430295715147 0.0775322643723113 0.21014484007242007 0.0 0.0 0 0.0 0.0 0 0.0 0.0 0
0 0.10722135314822058 0.879140012070006 0.036046147829487674 0.03727821363910681 0.0 0.0 0 0.0 0.0 0 0.0 0.0 0
0 0.517802111849824 0.46744115872057934 0.04778255768478679 0.06471937235968618 0.0 0.0 0 0.0 0.0 0 0.0 0.0 0
0 0.7875831052014078 0.7343633071816535 0.035987485334376304 0.07395292697646347 0.0 0.0 0 0.0 0.0 0 0.0 0.0 0
0 0.8815838873680094 0.7343633071816535 0.035987485334376214 0.07395292697646347 0.0 0.0 0 0.0 0.0 0 0.0 0.0 0
0 0.7465701994524834 0.5173747736873868 0.047923347673054346 0.03736873868436932 0.0 0.0 0 0.0 0.0 0 0.0 0.0 0
0 0.8641141963238169 0.47222389861194924 0.0707938991005084 0.12818949909474953 0.0 0.0 0 0.0 0.0 0 0.0 0.0 0
0 0.7437113805240516 0.41798732649366327 0.03043410246382477 0.03736270368135182 0.0 0.0 0 0.0 0.0 0 0.0 0.0 0
0 0.7436272976143918 0.19581774290887147 0.05347281971059836 0.046710923355461696 0.0 0.0 0 0.0 0.0 0 0.0 0.0 0
0 0.743529526789206 0.1142275196137598 0.05347281971059836 0.04670488835244417 0.0 0.0 0 0.0 0.0 0 0.0 0.0 0
0 0.8258603832616347 0.11453832226916115 0.05347281971059845 0.04671092335546168 0.0 0.0 0 0.0 0.0 0 0.0 0.0 0
0 0.825658975361752 0.19581170790585398 0.05347673054360579 0.046710923355461696 0.0 0.0 0 0.0 0.0 0 0.0 0.0 0
0 0.9079898318341807 0.19581170790585398 0.0534767305436057 0.046710923355461696 0.0 0.0 0 0.0 0.0 0 0.0 0.0 0
0 0.907788423934298 0.1142275196137598 0.05347281971059836 0.04670488835244417 0.0 0.0 0 0.0 0.0 0 0.0 0.0 0
