0 0.09263003519749706 0.1369342184671092 0.030101681658193182 0.07308388654194327 0.0 0.0 0 0.0 0.0 0 0.0 0.0 0
0 0.24401055924912005 0.14181653590826795 0.01610872115760655 0.04733856366928182 0.0 0.0 0 0.0 0.0 0 0.0 0.0 0
0 0.4095991396167384 0.13764333132166565 0.018056315995307028 0.010108630054315027 0.0 0.0 0 0.0 0.0 0 0.0 0.0 0
0 0.49748337895971845 0.15552202776101387 0.03083691826359011 0.05622208811104404 0.0 0.0 0 0.0 0.0 0 0.0 0.0 0
0 0.47078607743449363 0.4219643934821967 0.03585451701212361 0.028406759203379633 0.0 0.0 0 0.0 0.0 0 0.0 0.0 0
0 0.4709249120062573 0.6483494266747134 0.035952287837309284 0.06460470730235363 0.0 0.0 0 0.0 0.0 0 0.0 0.0 0
0 0.4707665232694564 0.9109746529873266 0.04809542432538131 0.06484610742305374 0.0 0.0 0 0.0 0.0 0 0.0 0.0 0
0 0.8452014078998827 0.5315811707905853 0.021861556511536994 0.0468678334339167 0.0 0.0 0 0.0 0.0 0 0.0 0.0 0
0 0.8307450136879155 0.15974954737477368 0.015913179507235062 0.11924562462281231 0.0 0.0 0 0.0 0.0 0 0.0 0.0 0
0 0.9334219788815018 0.16004526252263127 0.016104810324599074 0.11983705491852747 0.0 0.0 0 0.0 0.0 0 0.0 0.0 0
0 0.17754595228783732 0.5848038624019312 0.07123582323034804 0.28120700060350035 0.0 0.0 0 0.0 0.0 0 0.0 0.0 0
