0 0.15840129449838186 0.4107887323943662 0.03136569579288025 0.1012394366197183 0.0 0.0 0 0.0 0.0 0 0.0 0.0 0
0 0.2946181229773463 0.4115586854460094 0.03031067961165051 0.10174647887323945 0.0 0.0 0 0.0 0.0 0 0.0 0.0 0
0 0.623957928802589 0.5949718309859154 0.09926860841423948 0.21292957746478872 0.0 0.0 0 0.0 0.0 0 0.0 0.0 0
0 0.7308414239482202 0.48844131455399065 0.011262135922330009 0.03053521126760567 0.0 0.0 0 0.0 0.0 0 0.0 0.0 0
0 0.7602135922330097 0.48826291079812206 0.01027831715210363 0.030178403755868586 0.0 0.0 0 0.0 0.0 0 0.0 0.0 0
0 0.7894595469255664 0.48826291079812206 0.011009708737864072 0.030178403755868586 0.0 0.0 0 0.0 0.0 0 0.0 0.0 0
0 0.8281035598705502 0.6431408450704225 0.010809061488673168 0.02988732394366201 0.0 0.0 0 0.0 0.0 0 0.0 0.0 0
0 0.78984142394822 0.1434882629107981 0.03137216828478966 0.07362441314553991 0.0 0.0 0 0.0 0.0 0 0.0 0.0 0
0 0.9161941747572815 0.14373708920187792 0.03101618122977351 0.07209389671361502 0.0 0.0 0 0.0 0.0 0 0.0 0.0 0
0 0.3040453074433657 0.12237558685446011 0.010809061488673168 0.030178403755868544 0.0 0.0 0 0.0 0.0 0 0.0 0.0 0
0 0.07123300970873787 0.08020187793427229 0.010867313915857608 0.01321126760563381 0.0 0.0 0 0.0 0.0 0 0.0 0.0 0
0 0.0710873786407767 0.16435680751173712 0.011754045307443364 0.013633802816901418 0.0 0.0 0 0.0 0.0 0 0.0 0.0 0
