0 0.3153349120433018 0.17258166969147007 0.026407307171853838 0.043493647912885666 0.0 0.0 0 0.0 0.0 0 0.0 0.0 0 0.0 0.0 0 0.0 0.0 0
0 0.19312922868741542 0.33604809437386574 0.026407307171853838 0.043493647912885666 0.0 0.0 0 0.0 0.0 0 0.0 0.0 0 0.0 0.0 0 0.0 0.0 0
0 0.4475575101488498 0.33604809437386574 0.026414073071718513 0.043493647912885666 0.0 0.0 0 0.0 0.0 0 0.0 0.0 0 0.0 0.0 0 0.0 0.0 0
0 0.31583220568335585 0.49926497277676957 0.02641407307171855 0.04350272232304895 0.0 0.0 0 0.0 0.0 0 0.0 0.0 0 0.0 0.0 0 0.0 0.0 0
0 0.3559573748308525 0.6623049001814882 0.03789580514208389 0.07099818511796734 0.0 0.0 0 0.0 0.0 0 0.0 0.0 0 0.0 0.0 0 0.0 0.0 0
0 0.11429634641407307 0.805013611615245 0.14355886332882273 0.3017876588021779 0.0 0.0 0 0.0 0.0 0 0.0 0.0 0 0.0 0.0 0 0.0 0.0 0
0 0.7314411366711773 0.15883393829401088 0.026414073071718513 0.043493647912885666 0.0 0.0 0 0.0 0.0 0 0.0 0.0 0 0.0 0.0 0 0.0 0.0 0
0 0.8945906630581867 0.15896098003629766 0.026407307171853838 0.043493647912885645 0.0 0.0 0 0.0 0.0 0 0.0 0.0 0 0.0 0.0 0 0.0 0.0 0
0 0.7316508795669825 0.3628811252268602 0.02641407307171867 0.043493647912885666 0.0 0.0 0 0.0 0.0 0 0.0 0.0 0 0.0 0.0 0 0.0 0.0 0
0 0.8939445196211097 0.3628811252268602 0.026414073071718513 0.043493647912885666 0.0 0.0 0 0.0 0.0 0 0.0 0.0 0 0.0 0.0 0 0.0 0.0 0
