8 0.21659667968750002 0.17806657223796035 0.059052734375 0.058796033994334286 0.0 0.0 0 0.0 0.0 0 0.0 0.0 0
8 0.10951660156250001 0.09327903682719545 0.011162109374999993 0.029815864022662886 0.0 0.0 0 0.0 0.0 0 0.0 0.0 0
8 0.33292480468749996 0.23430594900849858 0.010283203125000029 0.0298300283286119 0.0 0.0 0 0.0 0.0 0 0.0 0.0 0
8 0.051166992187499996 0.459929178470255 0.010712890625000006 0.030339943342776225 0.0 0.0 0 0.0 0.0 0 0.0 0.0 0
8 0.26483886718750005 0.6990155807365439 0.254619140625 0.481515580736544 0.0 0.0 0 0.0 0.0 0 0.0 0.0 0
8 0.4303076171875 0.8763243626062323 0.020263671875 0.028966005665722282 0.0 0.0 0 0.0 0.0 0 0.0 0.0 0
8 0.099541015625 0.6861331444759207 0.02105468749999999 0.01597733711048163 0.0 0.0 0 0.0 0.0 0 0.0 0.0 0
8 0.6927001953125 0.6148583569405099 0.030966796874999925 0.19878186968838524 0.0 0.0 0 0.0 0.0 0 0.0 0.0 0
8 0.8378759765625 0.6295821529745043 0.02995117187500007 0.20026912181303105 0.0 0.0 0 0.0 0.0 0 0.0 0.0 0
8 0.5466650390625 0.36863314447592066 0.020068359374999956 0.029107648725212442 0.0 0.0 0 0.0 0.0 0 0.0 0.0 0
8 0.6149658203124999 0.3544334277620397 0.03084960937500003 0.07243626062322948 0.0 0.0 0 0.0 0.0 0 0.0 0.0 0
8 0.8283349609374999 0.3474504249291785 0.05989257812500004 0.08688385269121818 0.0 0.0 0 0.0 0.0 0 0.0 0.0 0
8 0.9158984375 0.14240084985835694 0.09796874999999994 0.09939093484419263 0.0 0.0 0 0.0 0.0 0 0.0 0.0 0
8 0.5803662109375001 0.12104815864022662 0.06954101562499992 0.14356940509915012 0.0 0.0 0 0.0 0.0 0 0.0 0.0 0
8 0.6730029296875 0.16337818696883852 0.010146484374999987 0.03092067988668555 0.0 0.0 0 0.0 0.0 0 0.0 0.0 0
8 0.692041015625 0.16411473087818698 0.011679687500000036 0.03092067988668555 0.0 0.0 0 0.0 0.0 0 0.0 0.0 0
8 0.77021484375 0.10779745042492918 0.01066406249999996 0.03165722379603399 0.0 0.0 0 0.0 0.0 0 0.0 0.0 0
8 0.4203466796875 0.09434135977337112 0.01057617187500004 0.030240793201133147 0.0 0.0 0 0.0 0.0 0 0.0 0.0 0
