0 0.09499676375404531 0.1782018779342723 0.06872491909385113 0.08607511737089203 0.0 0.0 0 0.0 0.0 0 0.0 0.0 0 0.0 0.0 0 0.0 0.0 0
0 0.17738187702265368 0.09447417840375588 0.020265372168284793 0.015765258215962447 0.0 0.0 0 0.0 0.0 0 0.0 0.0 0 0.0 0.0 0 0.0 0.0 0
0 0.1775242718446602 0.13623004694835678 0.021145631067961176 0.015765258215962433 0.0 0.0 0 0.0 0.0 0 0.0 0.0 0 0.0 0.0 0 0.0 0.0 0
0 0.1772330097087379 0.20675117370892018 0.021145631067961176 0.016187793427230056 0.0 0.0 0 0.0 0.0 0 0.0 0.0 0 0.0 0.0 0 0.0 0.0 0
0 0.17723300970873784 0.24914084507042256 0.020563106796116493 0.01576525821596246 0.0 0.0 0 0.0 0.0 0 0.0 0.0 0 0.0 0.0 0 0.0 0.0 0
0 0.317915857605178 0.17777464788732392 0.06872491909385113 0.08606572769953051 0.0 0.0 0 0.0 0.0 0 0.0 0.0 0 0.0 0.0 0 0.0 0.0 0
0 0.5465080906148867 0.2206807511737089 0.010569579288025844 0.03024413145539907 0.0 0.0 0 0.0 0.0 0 0.0 0.0 0 0.0 0.0 0 0.0 0.0 0
0 0.5852750809061489 0.2206807511737089 0.010576051779935222 0.03024413145539907 0.0 0.0 0 0.0 0.0 0 0.0 0.0 0 0.0 0.0 0 0.0 0.0 0
0 0.6725080906148868 0.12247417840375587 0.009987055016181271 0.030676056338028185 0.0 0.0 0 0.0 0.0 0 0.0 0.0 0 0.0 0.0 0 0.0 0.0 0
0 0.672799352750809 0.17828638497652582 0.01116504854368932 0.02983098591549294 0.0 0.0 0 0.0 0.0 0 0.0 0.0 0 0.0 0.0 0 0.0 0.0 0
0 0.7797087378640777 0.2903427230046949 0.11747572815533981 0.2266760563380282 0.0 0.0 0 0.0 0.0 0 0.0 0.0 0 0.0 0.0 0 0.0 0.0 0
0 0.8961650485436894 0.3900469483568075 0.010867313915857582 0.029821596244131447 0.0 0.0 0 0.0 0.0 0 0.0 0.0 0 0.0 0.0 0 0.0 0.0 0
0 0.7018770226537218 0.4181690140845071 0.011158576051779941 0.030685446009389678 0.0 0.0 0 0.0 0.0 0 0.0 0.0 0 0.0 0.0 0 0.0 0.0 0
0 0.672799352750809 0.40346948356807516 0.01116504854368932 0.02939906103286385 0.0 0.0 0 0.0 0.0 0 0.0 0.0 0 0.0 0.0 0 0.0 0.0 0
0 0.36225566343042065 0.4811032863849765 0.031294498381877034 0.12945539906103282 0.0 0.0 0 0.0 0.0 0 0.0 0.0 0 0.0 0.0 0 0.0 0.0 0
0 0.41998381877022656 0.5307981220657276 0.021572815533980536 0.015342723004694865 0.0 0.0 0 0.0 0.0 0 0.0 0.0 0 0.0 0.0 0 0.0 0.0 0
0 0.4544563106796116 0.6219107981220657 0.03045307443365693 0.04417840375586861 0.0 0.0 0 0.0 0.0 0 0.0 0.0 0 0.0 0.0 0 0.0 0.0 0
0 0.3914368932038835 0.7980046948356807 0.010990291262135934 0.029455399061032762 0.0 0.0 0 0.0 0.0 0 0.0 0.0 0 0.0 0.0 0 0.0 0.0 0
0 0.3041003236245955 0.6430798122065727 0.01056957928802588 0.0300657276995305 0.0 0.0 0 0.0 0.0 0 0.0 0.0 0 0.0 0.0 0 0.0 0.0 0
0 0.30388996763754045 0.6992206572769953 0.010148867313915863 0.029446009389671374 0.0 0.0 0 0.0 0.0 0 0.0 0.0 0 0.0 0.0 0 0.0 0.0 0
0 0.23579611650485438 0.6722206572769953 0.07951456310679614 0.22701408450704225 0.0 0.0 0 0.0 0.0 0 0.0 0.0 0 0.0 0.0 0 0.0 0.0 0
0 0.11970226537216828 0.7980046948356807 0.010576051779935277 0.029455399061032762 0.0 0.0 0 0.0 0.0 0 0.0 0.0 0 0.0 0.0 0 0.0 0.0 0
0 0.11949190938511327 0.6722253521126761 0.010996763754045314 0.029446009389671374 0.0 0.0 0 0.0 0.0 0 0.0 0.0 0 0.0 0.0 0 0.0 0.0 0
0 0.168126213592233 0.4326291079812207 0.010996763754045314 0.0300657276995305 0.0 0.0 0 0.0 0.0 0 0.0 0.0 0 0.0 0.0 0 0.0 0.0 0
