8 0.1877294921875 0.741657223796034 0.010927734375000026 0.029150141643059388 0.0 0.0 0 0.0 0.0 0 0.0 0.0 0
8 0.3717138671875 0.2207082152974504 0.010146484374999987 0.028838526912181323 0.0 0.0 0 0.0 0.0 0 0.0 0.0 0
8 0.4977734375 0.3538526912181303 0.13705078124999998 0.35402266288951845 0.0 0.0 0 0.0 0.0 0 0.0 0.0 0
8 0.29451171875000004 0.4599929178470255 0.00972656249999998 0.03007082152974507 0.0 0.0 0 0.0 0.0 0 0.0 0.0 0
8 0.2651171875 0.4599929178470255 0.010996093749999991 0.03128895184135982 0.0 0.0 0 0.0 0.0 0 0.0 0.0 0
8 0.2361376953125 0.4599929178470255 0.010576171875000012 0.03007082152974507 0.0 0.0 0 0.0 0.0 0 0.0 0.0 0
8 0.20673828125 0.4599929178470255 0.010156250000000006 0.03007082152974507 0.0 0.0 0 0.0 0.0 0 0.0 0.0 0
8 0.1775537109375 0.46060906515580735 0.009306640625000001 0.028838526912181323 0.0 0.0 0 0.0 0.0 0 0.0 0.0 0
8 0.14878417968750002 0.4599929178470255 0.010146484375000014 0.03128895184135982 0.0 0.0 0 0.0 0.0 0 0.0 0.0 0
8 0.293837890625 0.6434915014164305 0.02080078125000001 0.015849858356940506 0.0 0.0 0 0.0 0.0 0 0.0 0.0 0
8 0.15812011718750002 0.7414022662889519 0.010224609374999999 0.03067988668555236 0.0 0.0 0 0.0 0.0 0 0.0 0.0 0
8 0.264931640625 0.790743626062323 0.03136718750000003 0.10174220963172795 0.0 0.0 0 0.0 0.0 0 0.0 0.0 0
8 0.30423828124999996 0.7912535410764873 0.03031250000000002 0.09970254957507096 0.0 0.0 0 0.0 0.0 0 0.0 0.0 0
8 0.376328125 0.776685552407932 0.030664062499999978 0.04396600566572233 0.0 0.0 0 0.0 0.0 0 0.0 0.0 0
8 0.6922412109375 0.1508640226628895 0.02131835937499993 0.014730878186968827 0.0 0.0 0 0.0 0.0 0 0.0 0.0 0
8 0.6924951171875 0.20682011331444758 0.02182617187499991 0.01471671388101985 0.0 0.0 0 0.0 0.0 0 0.0 0.0 0
8 0.6924951171875 0.26347733711048155 0.02182617187499991 0.0161331444759207 0.0 0.0 0 0.0 0.0 0 0.0 0.0 0
8 0.6919873046875 0.31942634560906513 0.021826171875000022 0.01627478753541074 0.0 0.0 0 0.0 0.0 0 0.0 0.0 0
8 0.7406982421874999 0.24858356940509915 0.03995117187499997 0.2275354107648725 0.0 0.0 0 0.0 0.0 0 0.0 0.0 0
8 0.8579980468749999 0.1501628895184136 0.020859375000000013 0.014490084985835679 0.0 0.0 0 0.0 0.0 0 0.0 0.0 0
8 0.8577001953125001 0.20725920679886684 0.019677734374999978 0.015339943342776222 0.0 0.0 0 0.0 0.0 0 0.0 0.0 0
8 0.8578466796875 0.26349150141643063 0.020556640625000067 0.01533994334277618 0.0 0.0 0 0.0 0.0 0 0.0 0.0 0
8 0.8578466796875 0.31995042492917847 0.020556640625000067 0.01491501416430595 0.0 0.0 0 0.0 0.0 0 0.0 0.0 0
8 0.9060205078125 0.24858356940509915 0.03995117187500008 0.2275354107648725 0.0 0.0 0 0.0 0.0 0 0.0 0.0 0
8 0.7412255859375 0.5582790368271955 0.03995117187500008 0.2275212464589235 0.0 0.0 0 0.0 0.0 0 0.0 0.0 0
8 0.9061962890624999 0.5582790368271955 0.03995117187499997 0.2275212464589235 0.0 0.0 0 0.0 0.0 0 0.0 0.0 0
8 0.6919873046875 0.4603611898016997 0.021826171875000022 0.016274787535410777 0.0 0.0 0 0.0 0.0 0 0.0 0.0 0
8 0.6919873046875 0.5170467422096316 0.021826171875000022 0.016274787535410697 0.0 0.0 0 0.0 0.0 0 0.0 0.0 0
8 0.6919873046875 0.5730099150141643 0.021826171875000022 0.016274787535410777 0.0 0.0 0 0.0 0.0 0 0.0 0.0 0
8 0.6924902343749999 0.6296954674220964 0.021835937500000013 0.016274787535410777 0.0 0.0 0 0.0 0.0 0 0.0 0.0 0
8 0.8579736328125 0.4603611898016997 0.021826171875000022 0.016274787535410777 0.0 0.0 0 0.0 0.0 0 0.0 0.0 0
8 0.8574658203125001 0.5170467422096316 0.021826171875000022 0.016274787535410697 0.0 0.0 0 0.0 0.0 0 0.0 0.0 0
8 0.8579736328125 0.5737464589235127 0.021826171875000022 0.016274787535410777 0.0 0.0 0 0.0 0.0 0 0.0 0.0 0
8 0.8584814453125 0.6296954674220964 0.021826171875000022 0.016274787535410777 0.0 0.0 0 0.0 0.0 0 0.0 0.0 0
