8 0.24392374727668842 0.28787702265372167 0.007411764705882349 0.020595469255663426 0.0 0.0 0 0.0 0.0 0 0.0 0.0 0
8 0.14221786492374727 0.2150873786407767 0.02055773420479303 0.030537216828478934 0.0 0.0 0 0.0 0.0 0 0.0 0.0 0
8 0.27649455337690637 0.24444983818770227 0.00758605664488016 0.010983818770226556 0.0 0.0 0 0.0 0.0 0 0.0 0.0 0
8 0.31578213507625275 0.24437864077669907 0.007590413943355102 0.010556634304207122 0.0 0.0 0 0.0 0.0 0 0.0 0.0 0
8 0.23669498910675382 0.535252427184466 0.09224836601307192 0.24388996763754048 0.0 0.0 0 0.0 0.0 0 0.0 0.0 0
8 0.309322440087146 0.68173786407767 0.02064923747276688 0.05010355987055014 0.0 0.0 0 0.0 0.0 0 0.0 0.0 0
8 0.21124183006535946 0.8221423948220065 0.007607843137254893 0.02020711974110034 0.0 0.0 0 0.0 0.0 0 0.0 0.0 0
8 0.22421132897603482 0.802537216828479 0.007725490196078415 0.020375404530744348 0.0 0.0 0 0.0 0.0 0 0.0 0.0 0
8 0.23735294117647054 0.7831003236245954 0.007263616557734187 0.020893203883495127 0.0 0.0 0 0.0 0.0 0 0.0 0.0 0
8 0.25043790849673203 0.8024498381877023 0.007376906318082816 0.020550161812297733 0.0 0.0 0 0.0 0.0 0 0.0 0.0 0
8 0.2634052287581699 0.8219708737864078 0.007490196078431396 0.020550161812297733 0.0 0.0 0 0.0 0.0 0 0.0 0.0 0
8 0.4492962962962963 0.7151553398058252 0.020318082788671022 0.05917799352750813 0.0 0.0 0 0.0 0.0 0 0.0 0.0 0
8 0.5442113289760349 0.7148608414239482 0.06633115468409587 0.17575404530744335 0.0 0.0 0 0.0 0.0 0 0.0 0.0 0
8 0.7604226579520698 0.7151650485436893 0.0664488017429194 0.17646601941747572 0.0 0.0 0 0.0 0.0 0 0.0 0.0 0
8 0.8550806100217865 0.7149838187702265 0.020557734204793055 0.059650485436893254 0.0 0.0 0 0.0 0.0 0 0.0 0.0 0
8 0.7670980392156863 0.30731715210355987 0.021376906318082766 0.2556440129449838 0.0 0.0 0 0.0 0.0 0 0.0 0.0 0
8 0.5801938997821351 0.3218867313915858 0.07293681917211334 0.20502912621359226 0.0 0.0 0 0.0 0.0 0 0.0 0.0 0
