0 0.44944983818770234 0.4039906103286385 0.010925566343042068 0.030159624413145545 0.0 0.0 0 0.0 0.0 0 0.0 0.0 0
0 0.19650161812297737 0.14986854460093899 0.0590355987055016 0.057953051643192484 0.0 0.0 0 0.0 0.0 0 0.0 0.0 0
0 0.138915857605178 0.1639201877934272 0.01121682847896439 0.029887323943661982 0.0 0.0 0 0.0 0.0 0 0.0 0.0 0
0 0.0418284789644013 0.17871361502347416 0.011216828478964404 0.02987793427230049 0.0 0.0 0 0.0 0.0 0 0.0 0.0 0
0 0.33339158576051775 0.1858169014084507 0.031003236245954677 0.045267605633802825 0.0 0.0 0 0.0 0.0 0 0.0 0.0 0
0 0.47872815533980584 0.0936431924882629 0.009728155339805807 0.030065727699530514 0.0 0.0 0 0.0 0.0 0 0.0 0.0 0
0 0.2064368932038835 0.49551173708920193 0.15648543689320388 0.32672300469483573 0.0 0.0 0 0.0 0.0 0 0.0 0.0 0
0 0.44944983818770223 0.3472394366197183 0.01022653721682845 0.029145539906103253 0.0 0.0 0 0.0 0.0 0 0.0 0.0 0
0 0.4200226537216828 0.5451032863849765 0.021145631067961138 0.016873239436619746 0.0 0.0 0 0.0 0.0 0 0.0 0.0 0
0 0.4200194174757282 0.6432769953051642 0.020440129449838213 0.015849765258215957 0.0 0.0 0 0.0 0.0 0 0.0 0.0 0
0 0.2064368932038835 0.8401267605633803 0.07894498381877024 0.11401877934272306 0.0 0.0 0 0.0 0.0 0 0.0 0.0 0
0 0.11903236245954693 0.8549483568075117 0.021145631067961176 0.015849765258215957 0.0 0.0 0 0.0 0.0 0 0.0 0.0 0
0 0.29384466019417477 0.8549483568075117 0.021152103559870555 0.015849765258215957 0.0 0.0 0 0.0 0.0 0 0.0 0.0 0
0 0.4688349514563106 0.8828169014084507 0.010925566343042068 0.029652582159624453 0.0 0.0 0 0.0 0.0 0 0.0 0.0 0
0 0.702378640776699 0.623112676056338 0.030543689320388385 0.18661971830985916 0.0 0.0 0 0.0 0.0 0 0.0 0.0 0
0 0.9062071197411002 0.6224319248826292 0.03171521035598705 0.24328638497652585 0.0 0.0 0 0.0 0.0 0 0.0 0.0 0
0 0.9357249190938511 0.31906103286384974 0.0402394822006473 0.05923004694835679 0.0 0.0 0 0.0 0.0 0 0.0 0.0 0
0 0.59957928802589 0.3050046948356807 0.06990291262135923 0.08734272300469482 0.0 0.0 0 0.0 0.0 0 0.0 0.0 0
0 0.7800291262135922 0.25543661971830983 0.09794822006472487 0.32542723004694835 0.0 0.0 0 0.0 0.0 0 0.0 0.0 0
