0 0.04183818770226537 0.17843192488262907 0.011339805825242721 0.029370892018779345 0.0 0.0 0 0.0 0.0 0 0.0 0.0 0
0 0.11949838187702265 0.1642112676056338 0.010815533980582511 0.029887323943661982 0.0 0.0 0 0.0 0.0 0 0.0 0.0 0
0 0.1775242718446602 0.15015962441314556 0.058737864077669885 0.057408450704225365 0.0 0.0 0 0.0 0.0 0 0.0 0.0 0
0 0.3817928802588997 0.1857558685446009 0.031210355987055034 0.04497652582159625 0.0 0.0 0 0.0 0.0 0 0.0 0.0 0
0 0.4786763754045308 0.09346948356807512 0.011216828478964427 0.02958685446009389 0.0 0.0 0 0.0 0.0 0 0.0 0.0 0
0 0.6094174757281553 0.30521596244131455 0.06902265372168284 0.1431643192488263 0.0 0.0 0 0.0 0.0 0 0.0 0.0 0
0 0.6923656957928802 0.3333708920187793 0.01088025889967634 0.029840375586854487 0.0 0.0 0 0.0 0.0 0 0.0 0.0 0
0 0.7118284789644014 0.33324882629107977 0.010711974110032333 0.03008450704225354 0.0 0.0 0 0.0 0.0 0 0.0 0.0 0
0 0.7602686084142395 0.3191924882629108 0.01138511326860851 0.030084507042253485 0.0 0.0 0 0.0 0.0 0 0.0 0.0 0
0 0.7412330097087378 0.27764319248826297 0.020563106796116493 0.016018779342723007 0.0 0.0 0 0.0 0.0 0 0.0 0.0 0
0 0.7412297734627831 0.24916431924882632 0.020906148867313887 0.016281690140845045 0.0 0.0 0 0.0 0.0 0 0.0 0.0 0
0 0.8867346278317153 0.2556619718309859 0.09850485436893193 0.32629107981220656 0.0 0.0 0 0.0 0.0 0 0.0 0.0 0
0 0.9352847896440128 0.5943474178403756 0.031203883495145506 0.07367136150234745 0.0 0.0 0 0.0 0.0 0 0.0 0.0 0
0 0.8283074433656958 0.6008591549295774 0.059553398058252424 0.058882629107981255 0.0 0.0 0 0.0 0.0 0 0.0 0.0 0
0 0.7603851132686085 0.713586854460094 0.011423948220064636 0.030478873239436655 0.0 0.0 0 0.0 0.0 0 0.0 0.0 0
0 0.6731844660194174 0.6222629107981221 0.03136569579288021 0.2423474178403756 0.0 0.0 0 0.0 0.0 0 0.0 0.0 0
0 0.6248964401294499 0.6503802816901408 0.03137216828478966 0.18611267605633805 0.0 0.0 0 0.0 0.0 0 0.0 0.0 0
0 0.4297443365695792 0.3737042253521127 0.05976051779935278 0.08669483568075122 0.0 0.0 0 0.0 0.0 0 0.0 0.0 0
0 0.4202394822006472 0.5452582159624414 0.020595469255663388 0.015981220657276977 0.0 0.0 0 0.0 0.0 0 0.0 0.0 0
0 0.4203592233009708 0.6433943661971832 0.021145631067961138 0.01619718309859155 0.0 0.0 0 0.0 0.0 0 0.0 0.0 0
0 0.4688640776699029 0.8826619718309859 0.011423948220064711 0.030769953051643175 0.0 0.0 0 0.0 0.0 0 0.0 0.0 0
0 0.2066148867313916 0.4952112676056338 0.15733333333333333 0.3270234741784037 0.0 0.0 0 0.0 0.0 0 0.0 0.0 0
0 0.05128155339805825 0.48840375586854456 0.01101618122977346 0.029821596244131447 0.0 0.0 0 0.0 0.0 0 0.0 0.0 0
0 0.04144336569579288 0.8541549295774647 0.011016181229773464 0.030544600938967218 0.0 0.0 0 0.0 0.0 0 0.0 0.0 0
0 0.11890614886731392 0.868356807511737 0.0793009708737864 0.11504225352112675 0.0 0.0 0 0.0 0.0 0 0.0 0.0 0
0 0.19637216828478962 0.8690657276995306 0.02080906148867316 0.016328638497652568 0.0 0.0 0 0.0 0.0 0 0.0 0.0 0
0 0.31353721682847896 0.8125070422535211 0.011501618122977371 0.030892018779342702 0.0 0.0 0 0.0 0.0 0 0.0 0.0 0
0 0.31377993527508086 0.8687840375586855 0.011508090614886751 0.02983098591549294 0.0 0.0 0 0.0 0.0 0 0.0 0.0 0
