8 0.6161307189542483 0.18100323624595469 0.014056644880174288 0.010226537216828487 0.0 0.0 0 0.0 0.0 0 0.0 0.0 0
8 0.6882701525054465 0.3363074433656958 0.007459694989106805 0.02087378640776699 0.0 0.0 0 0.0 0.0 0 0.0 0.0 0
8 0.8190675381263617 0.36017152103559863 0.0665446623093681 0.06774757281553395 0.0 0.0 0 0.0 0.0 0 0.0 0.0 0
8 0.910309368191721 0.7346084142394822 0.007172113289760364 0.02130744336569584 0.0 0.0 0 0.0 0.0 0 0.0 0.0 0
8 0.9173376906318083 0.5309385113268608 0.04015686274509798 0.059650485436893184 0.0 0.0 0 0.0 0.0 0 0.0 0.0 0
8 0.7863681917211328 0.7495177993527509 0.02122440087145971 0.16744983818770215 0.0 0.0 0 0.0 0.0 0 0.0 0.0 0
8 0.8842418300653595 0.17120388349514562 0.007891067538126417 0.020595469255663443 0.0 0.0 0 0.0 0.0 0 0.0 0.0 0
8 0.6950108932461875 0.7301326860841424 0.02036601307189543 0.12867961165048541 0.0 0.0 0 0.0 0.0 0 0.0 0.0 0
8 0.4722309368191721 0.8998187702265372 0.014108932461873686 0.010679611650485437 0.0 0.0 0 0.0 0.0 0 0.0 0.0 0
8 0.1586143790849673 0.18155339805825244 0.04023529411764705 0.0396504854368932 0.0 0.0 0 0.0 0.0 0 0.0 0.0 0
8 0.11309803921568627 0.19102265372168284 0.007372549019607838 0.020116504854368958 0.0 0.0 0 0.0 0.0 0 0.0 0.0 0
8 0.05413725490196079 0.2007864077669903 0.007769063180827886 0.021300970873786424 0.0 0.0 0 0.0 0.0 0 0.0 0.0 0
8 0.027943355119825704 0.18140453074433655 0.006771241830065362 0.020414239482200662 0.0 0.0 0 0.0 0.0 0 0.0 0.0 0
8 0.25033986928104573 0.20581877022653722 0.02091503267973856 0.031067961165048542 0.0 0.0 0 0.0 0.0 0 0.0 0.0 0
8 0.20451851851851852 0.4385663430420712 0.07973856209150326 0.1278252427184466 0.0 0.0 0 0.0 0.0 0 0.0 0.0 0
8 0.10652287581699346 0.4044595469255664 0.007633986928104567 0.020957928802588992 0.0 0.0 0 0.0 0.0 0 0.0 0.0 0
8 0.1324880174291939 0.7544692556634306 0.01386492374727671 0.011359223300970844 0.0 0.0 0 0.0 0.0 0 0.0 0.0 0
8 0.23698910675381263 0.6178187702265372 0.18443572984749454 0.15637540453074428 0.0 0.0 0 0.0 0.0 0 0.0 0.0 0
8 0.2796187363834422 0.8612038834951457 0.21684967320261436 0.17640129449838185 0.0 0.0 0 0.0 0.0 0 0.0 0.0 0
8 0.8844814814814815 0.1230906148867314 0.007411764705882349 0.020239482200647255 0.0 0.0 0 0.0 0.0 0 0.0 0.0 0
8 0.796276688453159 0.15149838187702266 0.047089324618736356 0.05929449838187703 0.0 0.0 0 0.0 0.0 0 0.0 0.0 0
8 0.7273769063180827 0.1910032362459547 0.007607843137254918 0.020750809061488674 0.0 0.0 0 0.0 0.0 0 0.0 0.0 0
8 0.6753616557734204 0.17099029126213594 0.05392156862745098 0.0788220064724919 0.0 0.0 0 0.0 0.0 0 0.0 0.0 0
