0 0.024851388345717637 0.1821031985515993 0.012463824794681269 0.037229933614966806 0.0 0.0 0 0.0 0.0 0 0.0 0.0 0
0 0.3333867813844349 0.24148461074230537 0.030152522487289803 0.028123114061557045 0.0 0.0 0 0.0 0.0 0 0.0 0.0 0
0 0.4008134532655456 0.18268859384429695 0.035784122017989875 0.0915208207604104 0.0 0.0 0 0.0 0.0 0 0.0 0.0 0
0 0.027872506843957767 0.4535304767652384 0.029878764176769653 0.07348219674109836 0.0 0.0 0 0.0 0.0 0 0.0 0.0 0
0 0.03258506061791161 0.5309565479782741 0.016300351974970668 0.046849728424864207 0.0 0.0 0 0.0 0.0 0 0.0 0.0 0
0 0.14235823230348063 0.4807785153892577 0.0239655846695346 0.03723596861798434 0.0 0.0 0 0.0 0.0 0 0.0 0.0 0
0 0.3215252248728979 0.5269342184671092 0.018216660148611626 0.00863005431502713 0.0 0.0 0 0.0 0.0 0 0.0 0.0 0
0 0.40940750879937426 0.46295111647555826 0.030680484943292896 0.05622208811104411 0.0 0.0 0 0.0 0.0 0 0.0 0.0 0
0 0.11784513101290577 0.6939740494870247 0.015721548689870937 0.047344598672299364 0.0 0.0 0 0.0 0.0 0 0.0 0.0 0
0 0.08658975361752053 0.7390977670488835 0.02991005084082909 0.028696439348219648 0.0 0.0 0 0.0 0.0 0 0.0 0.0 0
0 0.1806394211967149 0.7388020519010261 0.030101681658193182 0.028105009052504487 0.0 0.0 0 0.0 0.0 0 0.0 0.0 0
0 0.21170316777473602 0.6941219070609536 0.015913179507235017 0.047640313820156946 0.0 0.0 0 0.0 0.0 0 0.0 0.0 0
0 0.2802502933124756 0.7392456246228124 0.029910050840829105 0.028400724200362066 0.0 0.0 0 0.0 0.0 0 0.0 0.0 0
0 0.3289518967540086 0.6941219070609534 0.01572154868987096 0.06480386240193113 0.0 0.0 0 0.0 0.0 0 0.0 0.0 0
0 0.211607352366054 0.8342275196137598 0.015338287055142756 0.07456246228123112 0.0 0.0 0 0.0 0.0 0 0.0 0.0 0
0 0.21170316777473602 0.902130356065178 0.015146656237778654 0.0292939046469523 0.0 0.0 0 0.0 0.0 0 0.0 0.0 0
0 0.1804477903793508 0.9379360289680144 0.02971842002346498 0.02811104405552212 0.0 0.0 0 0.0 0.0 0 0.0 0.0 0
0 0.11774931560422372 0.8931050090525046 0.015529917872506837 0.02899818949909486 0.0 0.0 0 0.0 0.0 0 0.0 0.0 0
0 0.3875303089558076 0.9022812311406155 0.015146656237778654 0.10119493059746534 0.0 0.0 0 0.0 0.0 0 0.0 0.0 0
0 0.40511928040672657 0.6941369945684972 0.015572937035588555 0.0644236572118286 0.0 0.0 0 0.0 0.0 0 0.0 0.0 0
0 0.8404692999608916 0.31774290887145445 0.08349628470864294 0.36383826191913105 0.0 0.0 0 0.0 0.0 0 0.0 0.0 0
