0 0.6149644012944984 0.4463474178403756 0.03161165048543684 0.058291079812206555 0.0 0.0 0 0.0 0.0 0 0.0 0.0 0 0.0 0.0 0 0.0 0.0 0
0 0.48779288025889966 0.46069483568075115 0.0791326860841424 0.18403755868544602 0.0 0.0 0 0.0 0.0 0 0.0 0.0 0 0.0 0.0 0 0.0 0.0 0
0 0.4889126213592233 0.2778403755868544 0.011559870550161748 0.01455399061032864 0.0 0.0 0 0.0 0.0 0 0.0 0.0 0 0.0 0.0 0 0.0 0.0 0
0 0.4884886731391585 0.22100469483568075 0.012071197411003222 0.01380281690140844 0.0 0.0 0 0.0 0.0 0 0.0 0.0 0 0.0 0.0 0 0.0 0.0 0
0 0.3621326860841424 0.40386384976525824 0.011048543689320347 0.030075117370891993 0.0 0.0 0 0.0 0.0 0 0.0 0.0 0 0.0 0.0 0 0.0 0.0 0
0 0.3621326860841424 0.4880704225352112 0.011048543689320347 0.029830985915492887 0.0 0.0 0 0.0 0.0 0 0.0 0.0 0 0.0 0.0 0 0.0 0.0 0
0 0.27459870550161813 0.3472769953051643 0.011048543689320385 0.029840375586854487 0.0 0.0 0 0.0 0.0 0 0.0 0.0 0 0.0 0.0 0 0.0 0.0 0
0 0.27477022653721683 0.2626995305164319 0.011391585760517776 0.029830985915492995 0.0 0.0 0 0.0 0.0 0 0.0 0.0 0 0.0 0.0 0 0.0 0.0 0
0 0.3812233009708738 0.6295117370892019 0.020854368932038854 0.015981220657277084 0.0 0.0 0 0.0 0.0 0 0.0 0.0 0 0.0 0.0 0 0.0 0.0 0
0 0.4396407766990291 0.6294553990610329 0.020394822006472486 0.015530516431924848 0.0 0.0 0 0.0 0.0 0 0.0 0.0 0 0.0 0.0 0 0.0 0.0 0
0 0.4879093851132686 0.6296995305164319 0.020737864077669952 0.010103286384976517 0.0 0.0 0 0.0 0.0 0 0.0 0.0 0 0.0 0.0 0 0.0 0.0 0
