0 0.5903050108932462 0.48163754045307444 0.007651416122004333 0.020595469255663388 0.0 0.0 0 0.0 0.0 0 0.0 0.0 0 0.0 0.0 0 0.0 0.0 0
0 0.5639978213507625 0.8220938511326861 0.004701525054466215 0.021184466019417487 0.0 0.0 0 0.0 0.0 0 0.0 0.0 0 0.0 0.0 0 0.0 0.0 0
0 0.4791546840958605 0.511462783171521 0.07983442265795208 0.19671197411003233 0.0 0.0 0 0.0 0.0 0 0.0 0.0 0 0.0 0.0 0 0.0 0.0 0
0 0.6099041394335512 0.4821715210355987 0.007172113289760364 0.020951456310679614 0.0 0.0 0 0.0 0.0 0 0.0 0.0 0 0.0 0.0 0 0.0 0.0 0
0 0.6656732026143791 0.676873786407767 0.07386492374727668 0.031067961165048542 0.0 0.0 0 0.0 0.0 0 0.0 0.0 0 0.0 0.0 0 0.0 0.0 0
0 0.48249891067538125 0.6768025889967638 0.04697603485838778 0.030822006472491913 0.0 0.0 0 0.0 0.0 0 0.0 0.0 0 0.0 0.0 0 0.0 0.0 0
0 0.31574074074074077 0.5019288025889967 0.007803921568627486 0.021203883495145626 0.0 0.0 0 0.0 0.0 0 0.0 0.0 0 0.0 0.0 0 0.0 0.0 0
0 0.33541176470588235 0.598957928802589 0.007633986928104567 0.020957928802588992 0.0 0.0 0 0.0 0.0 0 0.0 0.0 0 0.0 0.0 0 0.0 0.0 0
0 0.3940915032679739 0.7058446601941747 0.007468409586056639 0.020711974110032363 0.0 0.0 0 0.0 0.0 0 0.0 0.0 0 0.0 0.0 0 0.0 0.0 0
0 0.39417429193899783 0.8413398058252426 0.006971677559912854 0.020466019417475806 0.0 0.0 0 0.0 0.0 0 0.0 0.0 0 0.0 0.0 0 0.0 0.0 0
0 0.5184204793028323 0.8025760517799353 0.007054466230936744 0.019948220064725027 0.0 0.0 0 0.0 0.0 0 0.0 0.0 0 0.0 0.0 0 0.0 0.0 0
0 0.5641372549019608 0.7732847896440129 0.00747276688453163 0.020550161812297733 0.0 0.0 0 0.0 0.0 0 0.0 0.0 0 0.0 0.0 0 0.0 0.0 0
