0 0.9161715210355986 0.4962159624413146 0.030595469255663418 0.12959624413145543 0.0 0.0 0 0.0 0.0 0 0.0 0.0 0
0 0.6242944983818771 0.290981220657277 0.010880258899676414 0.02983098591549294 0.0 0.0 0 0.0 0.0 0 0.0 0.0 0
0 0.5853721682847897 0.29110798122065723 0.01087378640776696 0.03008450704225354 0.0 0.0 0 0.0 0.0 0 0.0 0.0 0
0 0.2841585760517799 0.44661032863849764 0.020601941747572804 0.015680751173708908 0.0 0.0 0 0.0 0.0 0 0.0 0.0 0
0 0.31342394822006475 0.48818309859154924 0.01101618122977345 0.029586854460093834 0.0 0.0 0 0.0 0.0 0 0.0 0.0 0
0 0.448873786407767 0.42374647887323946 0.09845954692556634 0.3254272300469484 0.0 0.0 0 0.0 0.0 0 0.0 0.0 0
0 0.44955663430420717 0.7556572769953053 0.01128155339805822 0.029661971830985946 0.0 0.0 0 0.0 0.0 0 0.0 0.0 0
0 0.4301715210355987 0.7559107981220657 0.010569579288025844 0.030169014084507038 0.0 0.0 0 0.0 0.0 0 0.0 0.0 0
0 0.1917411003236246 0.671131455399061 0.06913915857605175 0.14231924882629102 0.0 0.0 0 0.0 0.0 0 0.0 0.0 0
0 0.7898770226537216 0.5379342723004695 0.031080906148867302 0.1008450704225352 0.0 0.0 0 0.0 0.0 0 0.0 0.0 0
0 0.7894110032362459 0.2981220657276995 0.030834951456310745 0.12959624413145537 0.0 0.0 0 0.0 0.0 0 0.0 0.0 0
