0 0.06792530308955808 0.6666777308388654 0.015905357841220186 0.12015087507543756 0.0 0.0 0 0.0 0.0 0 0.0 0.0 0
0 0.17044974579585453 0.6664846107423054 0.015737192021900645 0.11972842486421242 0.0 0.0 0 0.0 0.0 0 0.0 0.0 0
0 0.07670903402424717 0.8477791188895595 0.021536957371920216 0.04686783343391663 0.0 0.0 0 0.0 0.0 0 0.0 0.0 0
0 0.18352561595619865 0.2317199758599879 0.07222917481423544 0.28223295111647556 0.0 0.0 0 0.0 0.0 0 0.0 0.0 0
0 0.4154575674618694 0.3950784550392275 0.05367618302698475 0.04652383826191915 0.0 0.0 0 0.0 0.0 0 0.0 0.0 0
0 0.4123093468908878 0.1683192516596258 0.048044583496284717 0.06544960772480385 0.0 0.0 0 0.0 0.0 0 0.0 0.0 0
0 0.5797731716855691 0.13764333132166565 0.017833398513883422 0.009468919734459865 0.0 0.0 0 0.0 0.0 0 0.0 0.0 0
0 0.6680602268283145 0.15569402534701268 0.030887759092686748 0.05592637296318648 0.0 0.0 0 0.0 0.0 0 0.0 0.0 0
0 0.855191630817364 0.17318044659022327 0.02991396167383644 0.07367531683765843 0.0 0.0 0 0.0 0.0 0 0.0 0.0 0
0 0.8539440750879936 0.09669583584791792 0.015913179507235062 0.0467531683765842 0.0 0.0 0 0.0 0.0 0 0.0 0.0 0
