0 0.2070492764958936 0.20012070006035004 0.07123582323034805 0.1825347012673506 0.0 0.0 0 0.0 0.0 0 0.0 0.0 0
0 0.3269925694172859 0.49948702474351236 0.02948768087602663 0.07362703681351841 0.0 0.0 0 0.0 0.0 0 0.0 0.0 0
0 0.4358506061791161 0.5079209414604707 0.03648025029331246 0.05573325286662638 0.0 0.0 0 0.0 0.0 0 0.0 0.0 0
0 0.5447105983574501 0.4910500905250453 0.03014861165428233 0.05572721786360895 0.0 0.0 0 0.0 0.0 0 0.0 0.0 0
0 0.08537935080172077 0.7211888955944478 0.021536957371920216 0.04686783343391663 0.0 0.0 0 0.0 0.0 0 0.0 0.0 0
0 0.08551818537348456 0.8202564876282438 0.021814626515447792 0.04729631864815926 0.0 0.0 0 0.0 0.0 0 0.0 0.0 0
0 0.17663277278060227 0.8253681351840676 0.01573719202190067 0.09246228123114064 0.0 0.0 0 0.0 0.0 0 0.0 0.0 0
0 0.1763570590535784 0.9286934218467109 0.015185764567852969 0.06476161738080866 0.0 0.0 0 0.0 0.0 0 0.0 0.0 0
0 0.08524247164646069 0.9107966203983102 0.021810715682440352 0.04686783343391677 0.0 0.0 0 0.0 0.0 0 0.0 0.0 0
0 0.24386781384434883 0.9203832226916113 0.020985529917872496 0.06433916716958366 0.0 0.0 0 0.0 0.0 0 0.0 0.0 0
